Rate: 16000
Signal: [ 3067.   -2596.99   508.34 ...     0.       0.       0.  ]
Frames: [[ 2.45360000e+02 -2.07907316e+02  4.07831632e+01  2.73946231e+01
  -2.20108046e+02  1.39236174e+02  4.43653729e+01 -2.99064999e+02
   1.80818809e+02 -2.75395498e+02  1.92647858e+02 -2.64900632e+02
  -2.56980802e+02  5.49250961e+02 -6.06664042e+02  6.45544649e+02
  -5.29723236e+02  2.88780795e+02  8.22649234e+01 -2.96585999e+02
   5.99490133e+01 -5.30602065e+02  4.92316107e+02 -2.63552163e+02
   2.53536596e+02 -4.82663274e+02  1.66134518e+02 -3.22692308e+02
   3.51263716e+02 -2.84429455e+02 -2.13579308e+02  5.79031652e+02
  -6.61194517e+02  2.89277633e+02  4.88796027e+02 -1.04163183e+03
   6.24943013e+02  3.75437135e+02 -1.10914927e+03  1.46908896e+03
  -1.05468838e+03  8.11222446e+02  8.40143902e+01 -3.61363558e+02
   1.71497302e+02 -6.87495195e+01  4.62374012e+02 -3.43466222e+02
   4.95429587e+02 -3.09771944e+02  2.91901982e+02  1.76437410e+02
   7.03752495e+02  1.09164873e+02 -4.13749083e+02  2.47394322e+02
   8.36915354e+02 -5.81390714e+02  2.74621202e+02 -1.40620144e+02
   3.83569702e+02  2.91438412e+01 -1.04975955e+03  1.31356705e+03
  -1.38251099e+03  9.55172233e+02 -1.72062298e+01 -6.23444140e+02
   1.07003083e+03 -1.86365661e+03  2.29786738e+03 -1.01842702e+03
   5.98346502e+02 -2.91162501e+02 -5.04738380e+02  8.46710584e+02
  -8.76815012e+02  7.49301551e+02 -2.89330119e+03  4.03532295e+03
  -2.77282112e+03  8.00497943e+02  1.36496756e+03 -2.24660803e+03
   2.25062575e+03 -1.76407693e+03  1.11004820e+03 -8.97840236e+02
   7.69202761e+02 -3.47361253e+02  1.43854850e+03 -2.17893138e+03
   1.05551208e+03  2.09308677e+02 -6.13621530e+02  2.01491227e+02
  -8.60441964e+02  1.62390046e+03 -1.28822334e+03  1.88691564e+02
   5.88439188e+02  1.10240736e+03 -2.21221864e+03  2.04081981e+03
  -3.32018577e+02  3.00537952e+03 -2.42668027e+03  1.04426491e+03
  -1.52326641e+03 -3.13538366e+03  4.22530130e+03 -3.50318961e+03
   1.37913406e+03 -7.41561914e+02 -8.08730774e+01  7.74614820e+02
  -2.93085869e+03  7.70699679e+02  7.40153712e+02 -1.89881705e+03
   2.59836727e+02 -1.47340999e+03  1.88034918e+03 -1.98769842e+03
   8.83046866e+02  1.05212289e+02 -1.03522487e+03  8.36227859e+02
  -2.00034069e+03  3.94980847e+03 -3.00779211e+03  3.88766077e+02
   2.09499287e+03 -3.26525430e+03  2.92760619e+03 -7.53245792e+01
  -2.35827213e+03  2.80520088e+03 -5.80954969e+02  8.74728175e+02
   4.34324124e+02 -1.68460666e+03  2.72766937e+03 -2.14906032e+03
   2.57142407e+03 -2.05366218e+03  3.56786590e+03 -1.71198071e+03
  -1.41199535e+03  3.98301686e+03 -4.23943824e+03  6.13154334e+03
  -5.98762689e+03  7.02996599e+03 -4.63102416e+03  3.32486856e+03
   3.37990801e+03 -6.28342984e+03  6.16982083e+03 -4.60738737e+03
   4.53979192e+03 -5.76349014e+03  6.36345580e+03 -3.86310420e+03
  -9.59063707e+02  6.96410297e+03 -7.71706524e+03  8.25196915e+02
   2.67363733e+03 -7.56345078e+02 -3.70097701e+03  4.33764065e+03
  -1.85411742e+03 -1.35420580e+03  3.04272388e+03 -2.50935259e+03
   3.67101136e+02 -3.36821848e+03  4.57711041e+03  2.63111884e+03
  -6.77592148e+03  4.78643287e+03 -3.10261755e+03 -6.62076796e+02
   1.50518347e+03 -5.57265073e+03  3.14674278e+03  2.65126774e+03
  -7.39865334e+03  3.39474757e+03 -1.42964680e+03 -1.79465514e+03
   3.43014279e+03 -2.57754924e+03 -2.99652437e+03  5.46579258e+03
  -3.63274075e+03 -1.54545897e+03  2.43685726e+03 -4.88083040e+03
   2.49108448e+03 -6.05463295e+03  3.06209821e+03 -2.86835505e+03
   6.63243416e+02 -4.56434642e+03  5.21097364e+03 -1.22301825e+03
  -3.29344270e+03  4.72292912e+03 -6.40353188e+03  6.82468363e+03
  -5.69893273e+03 -1.17449024e+03  2.47049680e+03 -1.03288221e+03
  -1.01182182e+03  4.84840125e+03 -5.76871735e+03  4.56973742e+03
  -9.39219495e+02 -1.12666974e+03  5.60625958e+03 -5.98282810e+03
   7.97760540e+03 -6.35738912e+03  3.53682602e+03  1.01267211e+03
  -5.75053522e+01 -4.80990792e+02  2.09936072e+03 -1.34420038e+03
   9.52352977e+02  4.35305379e+03 -4.37294500e+03  2.72328040e+03
  -2.28235275e+03  2.65489625e+03  1.13375198e+02  1.81448203e+03
  -2.26093449e+02  3.32176975e+03 -2.30630140e+03  1.01148536e+03
   1.76426874e+03 -1.42301347e+02  4.89162380e+02  3.59334281e+03
  -2.46395116e+03 -3.99954040e+02  6.75609190e+03 -6.95132945e+03
   8.40133650e+03 -2.48209631e+03  3.37816915e+02  1.53350499e+03
  -9.15652231e+02  1.69001761e+03 -1.98758123e+03  1.10878578e+03
   8.59048689e+02 -9.77174536e+02 -9.16435759e+02  5.94366398e+03
  -5.90329689e+03  2.71917677e+03  9.49795000e+02 -4.37826031e+03
   3.26701947e+03 -1.63364934e+03 -6.44827794e+02  3.12692983e+02
  -9.77576361e+01 -6.21817663e+02 -2.22231249e+03  2.00094874e+03
   1.08308639e+03 -4.49538085e+03  2.35917260e+03 -1.43305675e+03
  -2.35164397e+03  3.73749234e+03 -3.26215540e+03 -8.06924181e+02
   1.50779736e+03 -2.59675807e+03  1.55458069e+03 -7.06094629e+02
  -3.84775750e+02  3.05152259e+02 -3.73670308e+03  3.16346549e+03
  -3.42769310e+03  1.87380037e+03 -8.35878295e+02 -2.42398504e+03
   2.45276733e+03 -3.29519721e+03  4.32704070e+02 -7.11305654e+02
   6.52172102e+00 -2.70053680e+02  3.19077871e+02 -8.24116683e+02
   4.68794493e+02 -7.24960268e+02  6.53350365e+02 -7.43569227e+01
  -1.03822213e+03  2.16034477e+02  3.62693155e+02 -2.06096140e+02
   7.85353577e+00  7.33179219e+02 -1.98116357e+03  6.78274635e+02
   3.79544810e+02  5.55024625e+02 -4.46445838e+02 -2.74183683e+02
   1.71176995e+03 -1.12979581e+03  6.11573490e+02 -8.06986409e+02
   1.17003361e+03 -8.40090468e+02  1.64257063e+02  1.17993107e+03
  -9.47926194e+02  2.62259569e+03 -1.76289499e+03  1.42047060e+03
  -6.01467712e+02  1.69137822e+02 -2.52538258e+02 -7.46643403e+02
   7.52240871e+02 -8.54228897e+01  6.29627481e+02 -1.00947368e+03
   1.66787792e+03 -3.00010881e+02  2.27346045e+02 -5.92299278e+02
   8.70204882e+02  1.49917932e+02 -2.51026973e+02  9.04297243e+02
   6.59117817e+01 -6.09045536e+02 -6.50732624e+01  3.90893750e+02
  -7.63707929e+00  1.35211965e+02 -4.55214024e+02  3.97735228e+02
  -5.20212161e+02  7.74151180e+02 -2.34204723e+02 -2.26502756e+01
  -5.16799742e+02  1.94666995e+02 -4.94267983e+02  5.32129574e+01
   6.70734830e+02 -3.33402185e+02  5.29658634e+02 -7.40454839e+02
   8.02328663e+02 -6.63281305e+02 -5.15979411e+01  4.30966916e+02
  -5.26882871e+02  6.24126814e+02 -1.15997501e+02 -1.77238320e+02
  -3.51271805e+02 -3.30619222e+01  2.45784631e+02  3.85678998e+01
  -2.28695940e+02  3.05912602e+02 -1.72215761e+02 -5.65716044e+01
  -6.20570069e+01 -1.87269655e+02  2.30209474e+02 -4.21652795e+02
   6.83206263e+02 -3.39959651e+02  3.68874958e+01  1.55505196e+01
  -7.94851804e+01  6.52647702e+01 -1.35296012e+02  1.42966298e+02
   5.73898232e+01  1.90493651e+02 -3.30779653e+02  5.33895200e+02]]
Hamming Window: [0.08]
Mel Filterbank: [[0.003375 0.00675  0.010125 0.0135   0.016875 0.02025  0.023625 0.023625
  0.02025  0.016875 0.0135   0.010125 0.00675  0.003375 0.       0.
  0.       0.       0.       0.       0.       0.       0.       0.
  0.       0.       0.       0.       0.       0.       0.       0.
  0.       0.       0.       0.       0.       0.       0.       0.
  0.       0.       0.       0.       0.       0.       0.       0.
  0.       0.       0.       0.       0.       0.       0.       0.
  0.       0.       0.       0.       0.       0.       0.       0.
  0.       0.       0.       0.       0.       0.       0.       0.
  0.       0.       0.       0.       0.       0.       0.       0.
  0.       0.       0.       0.       0.       0.       0.       0.
  0.       0.       0.       0.       0.       0.       0.       0.
  0.       0.       0.       0.       0.       0.       0.       0.
  0.       0.       0.       0.       0.       0.       0.       0.
  0.       0.       0.       0.       0.       0.       0.       0.
  0.       0.       0.       0.       0.       0.       0.       0.
  0.       0.       0.       0.       0.       0.       0.       0.
  0.       0.       0.       0.       0.       0.       0.       0.
  0.       0.       0.       0.       0.       0.       0.       0.
  0.       0.       0.       0.       0.       0.       0.       0.
  0.       0.       0.       0.       0.       0.       0.       0.
  0.       0.       0.       0.       0.       0.       0.       0.
  0.       0.       0.       0.       0.       0.       0.       0.
  0.       0.       0.       0.       0.       0.       0.       0.
  0.       0.       0.       0.       0.       0.       0.       0.      ]]
Features: [[ 9.56481248e+01 -8.35495935e+00  7.78704215e-01  1.80630450e+00
  -2.72042291e-01  1.22011824e+00  4.59729618e-02  7.60036721e-01
   9.64948146e-02  1.22230696e+00 -1.76118461e-01  9.30476563e-01
  -2.27642517e-03]]


Speaker Benjamin_Netanyau: Precision = 1.00, Recall = 1.00, Accuracy = 1.00
[-1706.9971023612397]
Correct/Total: 150/150
True Positive: 150, False Positive: 0, True Negative: 0, False Negative: 0
Overall Precision = 100.00, Accuracy = 100.00
Speaker Jens_Stoltenberg: Precision = 1.00, Recall = 1.00, Accuracy = 1.00
[-2274.5437800897703]
Correct/Total: 150/150
True Positive: 150, False Positive: 0, True Negative: 150, False Negative: 0
Overall Precision = 100.00, Accuracy = 100.00
Speaker Julia_Gillard: Precision = 1.00, Recall = 1.00, Accuracy = 1.00
[-2300.754522053707]
Correct/Total: 150/150
True Positive: 150, False Positive: 0, True Negative: 300, False Negative: 0
Overall Precision = 100.00, Accuracy = 100.00
Speaker Magaret_Tarcher: Precision = 1.00, Recall = 0.99, Accuracy = 1.00
[-2718.4708110226643]
Correct/Total: 149/150
True Positive: 149, False Positive: 0, True Negative: 450, False Negative: 1
Overall Precision = 99.83, Accuracy = 99.83
Speaker Nelson_Mandela: Precision = 1.00, Recall = 1.00, Accuracy = 1.00
[-3290.48617541894]
Correct/Total: 150/150
True Positive: 150, False Positive: 0, True Negative: 599, False Negative: 0
Overall Precision = 99.87, Accuracy = 99.87

Total Precision: 99.87
Total Accuracy: 99.87

Confusion Matrix:
[[150   0   0   0   0]
 [  0 150   0   0   0]
 [  0   0 150   0   0]
 [  1   0   0 149   0]
 [  0   0   0   0 150]]
