Rate: 16000
Signal: [  743.   -3323.71  2104.91 ...     0.       0.       0.  ]
Frames: [[    59.44         -266.08636403    168.87297485    123.13691857
     168.99819892   -326.00101723    456.72785208   -261.85749641
     225.84848307    143.91166254   -293.30221867    253.13740686
     -91.35460753    225.95232588   -274.40619629    696.18496965
    -274.6240455     115.20022372   -183.36796347    387.63069033
     167.47136316   -473.82450389    665.41787299   -801.72428494
     800.09217551   -104.1722113     -18.98117083   -198.95679935
    -298.21091308    784.5457787    -338.83654183    391.05428288
    -565.11063344     87.95792937     31.89620527    795.43607375
    -486.54495198   -160.07025353    682.86021765  -1381.31645776
    1020.36126076    -14.64610112   -375.06910945   -480.40971913
    1234.08763896   -425.44094074   -290.50377277   -297.68181115
     982.78385026   -971.05852332   -526.79936282   2036.60700855
   -2654.30458316   1185.6356322    -489.03682695   -229.06917559
     337.94886387   -213.21271747   -667.86737243   1392.48137032
    -980.83058394   -466.23235845   1395.46642892  -1699.82920346
    -313.4588826    1087.29812298  -2701.82918538    808.43067414
    1124.31572413  -3818.89869583   2440.08617422  -1673.19036738
     245.44458628   -571.45805146    353.34017139   -170.80300169
   -1069.56710002    581.44358256  -2276.46155169   3753.08438064
   -3281.11769989    449.44724372   1963.75915477  -3392.87511496
    1639.43204814  -1512.90811519   2469.50120872  -3311.5339048
    -282.58472481   2188.93320466  -1302.83832504   1243.62074271
     470.97073687   -220.92056382    180.20836822   -935.70300861
    -170.1026313    1981.65191361   -750.14618232   2330.70272314
    -398.17144056   2067.34253817  -2053.25731908   2027.96001248
    -560.88885521  -1876.04013792   4156.13507213  -2172.75179434
     515.63212709   1192.21456424    614.00035639   1704.63594273
    -356.95463689    101.06750246   -318.02582903   1752.82579305
    -338.23912151   -723.38427828   4162.376648    -2856.67848344
    1004.80783538   2617.40600639  -2902.71153397   3745.02280552
   -2297.5410498    1722.48409913    283.9397718   -2554.16143127
    4796.15084657  -5381.08406632   3375.47772765  -2327.47683368
     216.55433285   2884.4816      -2718.87403765   2067.23601196
    -934.82556485  -2773.28892065   2929.87432882   1431.56768379
   -4070.59845886   3169.26222425  -1951.733527      108.36602166
     714.3299365   -1517.82625675    895.75102247   1285.15854003
   -2827.16101824  -2993.68278154   1655.42868349   -506.48955875
   -1914.73427177   2592.12398113  -4420.59199567   1660.37022069
    1266.14916471  -4601.12701309   1588.92909891   3027.14360676
   -2298.03320273  -4084.11428712   5873.06547315  -4772.30576879
    1184.54523137  -4583.75233517   2071.53102631   -893.83785008
   -3163.6834247    2616.11957827   2632.08427519  -1870.10268607
   -3807.33036532   7385.63056375 -10012.8408992   10305.25681289
   -5444.01586631   -864.91957955    739.32588536    572.8176773
     306.56829153  -6560.37959834   7719.69474096  -3045.82302893
    1633.31231381  -3376.65686921   6151.94660166  -5622.54734304
    5259.44703786    213.4424504   -2146.1465407    1138.64553421
   -2229.98106686   4449.0724391   -2984.21563307   5437.55521512
      42.71014601  -1474.84414422    827.90374737   3442.84090891
   -3668.44769201    874.60775341   3084.58019271  -3094.61689161
    1596.72448864   2118.05168006  -1178.9945696    -683.1139284
    -890.98876118   2005.06513494    566.13575315   -365.35089353
    3018.46668292  -2215.78423935  -2251.41417173   4049.76902597
     337.53648965   2308.61229593   -828.61191722  -1621.48216982
    1237.22604669  -2533.80902621   4870.83119618  -4019.84948008
    -477.77960547   4296.47498682    279.52238611  -3283.97887771
      26.82946804   2163.97342765  -3497.83174138   7171.57494093
   -8368.96176252   5187.83658644    627.51973603  -4973.18538478
    6370.18977111  -7100.4244356    4816.16921739  -1077.98811249
    -709.46972827    411.71123612     36.48113626  -4758.5967938
    4540.86375171  -3316.64573141    744.65059914   2514.93469757
   -4554.20185492   6003.6812036   -7582.78261057   6173.99555189
   -6277.29949435   2020.0980308    2775.8897093   -6805.10223439
    3652.36301801  -1513.31012676    896.81387967   -600.96940011
     223.70689938  -1601.60325211   2122.48683046  -3071.85246684
     168.47292392   1336.66200476  -1000.6535      -1609.41811628
    1258.39094893   -664.25811631  -1541.6503224    2781.37578536
   -3569.33125735   2113.81331696  -1466.13551564   2355.29438079
   -2092.01927818    -14.46739182   3550.25836663  -6879.80271366
    4415.43507751    138.32086317  -1154.28481074   1360.9189922
   -1297.408388      544.07218269    706.35441549    217.85521369
   -2208.71863205   1526.87250166   -881.70093821    991.19943945
      85.75630703  -1388.36483071   2336.56822052  -3427.32941439
    2089.33428095   1519.64239117  -2505.29007518   2044.8324085
   -2812.20887015   3277.81530286   -729.3683977    -922.63548237
     266.32235595   -346.47135894   1385.5476023   -2707.62677699
    3584.06446645  -1754.65138079   1324.9307687     708.98911837
   -1751.20399763    977.84582016    588.16600518    -95.91715064
   -2507.23135201   2846.73240957   -669.14280096   -652.69034799
    1450.03963479  -1614.20108856    931.64126495  -1680.22332887
     449.78452477   2002.48924333  -1398.82435662   1212.12544938
    -547.31817845   -787.25255937    946.68088433   -218.21618495
    -516.55565467    971.7269706   -1303.421035      154.31160422
     584.59171437   -445.98248208    529.62242425    256.9736583
    -132.29123515   -554.29341514   1597.93954723   -893.03138292
    -422.02290399    214.04142384    773.97691296   -877.19953079
     284.59219099    573.45535055   -121.98976189    350.49454623
    -201.87372982    153.34071414   -630.94941618   1051.97677046
   -1017.6147332     741.52208451    646.89823145   -973.68924039
     674.31480269     21.42744335   -659.31602485     84.15938146
     910.07868743   -624.68659545   -125.77098733    530.96006476
    -836.52095573     19.65276976    502.67053913   -556.2844161
     122.75818494    255.43323792   -400.93676649    325.13391847
      37.90906808   -281.93220368    247.50748442   -437.73811986
      62.31984968     53.98070051   -158.51368038    -45.12003479
      67.29684443    -94.27139604   -207.05725483    545.66541847
    -408.81702937    201.06621349    -24.62889321   -258.78888503
     369.2907346    -287.57491924    125.30026185    -77.92255105
     352.6100621    -123.85537141   -180.67431517    431.136     ]]
Hamming Window: [0.08]
Mel Filterbank: [[0.003375 0.00675  0.010125 0.0135   0.016875 0.02025  0.023625 0.023625
  0.02025  0.016875 0.0135   0.010125 0.00675  0.003375 0.       0.
  0.       0.       0.       0.       0.       0.       0.       0.
  0.       0.       0.       0.       0.       0.       0.       0.
  0.       0.       0.       0.       0.       0.       0.       0.
  0.       0.       0.       0.       0.       0.       0.       0.
  0.       0.       0.       0.       0.       0.       0.       0.
  0.       0.       0.       0.       0.       0.       0.       0.
  0.       0.       0.       0.       0.       0.       0.       0.
  0.       0.       0.       0.       0.       0.       0.       0.
  0.       0.       0.       0.       0.       0.       0.       0.
  0.       0.       0.       0.       0.       0.       0.       0.
  0.       0.       0.       0.       0.       0.       0.       0.
  0.       0.       0.       0.       0.       0.       0.       0.
  0.       0.       0.       0.       0.       0.       0.       0.
  0.       0.       0.       0.       0.       0.       0.       0.
  0.       0.       0.       0.       0.       0.       0.       0.
  0.       0.       0.       0.       0.       0.       0.       0.
  0.       0.       0.       0.       0.       0.       0.       0.
  0.       0.       0.       0.       0.       0.       0.       0.
  0.       0.       0.       0.       0.       0.       0.       0.
  0.       0.       0.       0.       0.       0.       0.       0.
  0.       0.       0.       0.       0.       0.       0.       0.
  0.       0.       0.       0.       0.       0.       0.       0.
  0.       0.       0.       0.       0.       0.       0.       0.      ]]
Features: [[ 9.62752343e+01 -8.09637005e+00 -4.17291097e-01  7.17199859e-01
  -7.09887894e-01  8.26736044e-01  1.53397356e-02  1.15255918e+00
  -1.26118607e-01  1.09704313e+00 -3.66034692e-01  8.94148630e-01
  -6.33521902e-02]]

Speaker Benjamin_Netanyau: Precision = 1.00, Recall = 0.99, Accuracy = 0.99
[-2223.014150465672]
Correct/Total: 149/150
True Positive: 149, False Positive: 0, True Negative: 0, False Negative: 1
Overall Precision = 99.33, Accuracy = 99.33
Speaker Jens_Stoltenberg: Precision = 0.99, Recall = 0.99, Accuracy = 0.99
[-2949.32910487959]
Correct/Total: 148/150
True Positive: 148, False Positive: 1, True Negative: 149, False Negative: 2
Overall Precision = 99.00, Accuracy = 99.00
Speaker Julia_Gillard: Precision = 0.99, Recall = 1.00, Accuracy = 0.99
[-2725.5703422888037]
Correct/Total: 150/150
True Positive: 150, False Positive: 2, True Negative: 297, False Negative: 0
Overall Precision = 99.33, Accuracy = 99.33
Speaker Magaret_Tarcher: Precision = 1.00, Recall = 0.99, Accuracy = 0.99
[-2859.6500740157508]
Correct/Total: 149/150
True Positive: 149, False Positive: 0, True Negative: 447, False Negative: 1
Overall Precision = 99.33, Accuracy = 99.33
Speaker Nelson_Mandela: Precision = 1.00, Recall = 1.00, Accuracy = 0.99
[-2325.1528968502607]
Correct/Total: 150/150
True Positive: 150, False Positive: 0, True Negative: 596, False Negative: 0
Overall Precision = 99.47, Accuracy = 99.47

Total Precision: 99.47
Total Accuracy: 99.47

Confusion Matrix:
[[149   1   0   0   0]
 [  0 148   2   0   0]
 [  0   0 150   0   0]
 [  1   0   0 149   0]
 [  0   0   0   0 150]]
