Rate: 16000
Signal: [9829.   1314.87 6880.47 ...    0.      0.      0.  ]
Frames: [[ 7.86320000e+02  1.05264592e+02  5.52007182e+02 -2.12223186e+02
  -5.67696592e+01  1.50515185e+02  1.01757279e+02 -1.81210746e+02
   1.41507135e+02 -1.15406689e+02  3.07847533e+02  1.23809702e+00
  -5.57550601e+02  7.20297635e+02 -3.28328163e+02 -3.73805077e+02
   1.74219822e+02  8.85401540e+01 -1.04857287e+02 -1.45826781e+02
   3.32395547e+01 -1.66984557e+02  6.44602300e+01 -4.64963859e+02
  -4.10433733e+01  5.17290201e+01 -2.79012471e+02 -3.26106895e+02
  -1.61671801e+02  1.01143865e+02 -7.08769651e+02 -8.53202536e-01
   3.07183645e+01 -2.55572365e+02 -7.38000200e+02  3.37124824e+02
   1.37352584e+02 -2.87930650e+02 -1.65433361e+02 -4.75955942e+02
  -3.35378895e+01  4.38140376e+01 -5.09327174e+02  7.53415159e+02
   1.24346569e+02 -5.82994705e+02  2.73929252e+02 -1.42253624e+02
   3.36129746e+01  6.16267725e+01  3.14826154e+02 -3.39725987e+01
   4.40310166e+02 -5.99741160e+02  5.24114340e+02  6.74008194e+02
  -1.35909373e+02  9.34111174e+02  1.90832934e+02 -2.61245084e+02
   1.34337714e+03 -6.08034946e+02 -9.17542134e+02  2.31662698e+03
  -9.94814794e+02 -3.29563088e+02  1.79468925e+03 -8.53232149e+02
  -3.09962505e+02  8.62401129e+02  2.99015345e+02 -5.04296071e+02
   5.24457934e+02 -9.49524490e+02  1.30978848e+03 -5.60055764e+02
   1.19691299e+01  4.86399556e+02 -1.57818671e+03  1.64778123e+03
  -6.85910337e+02  2.15187357e+02 -5.73415426e+02 -4.83478245e+02
   6.08883217e+02  2.96398993e+02 -1.70058685e+03  7.59004785e+02
   2.04330668e+03 -1.14592445e+03  2.09271512e+02 -5.93666226e+02
   5.72213860e+02 -6.56425256e+02  3.11104526e+01 -5.76674463e+02
   4.08460687e+02  1.28336905e+03 -3.16436660e+03  2.86345249e+03
  -8.38083996e+02  1.81396504e+03 -1.04671369e+03 -4.32482622e+02
   1.79843444e+03 -2.73004409e+03 -3.48592247e+02 -8.12641125e+02
   1.35711915e+03 -2.46539021e+03  7.28374898e+02 -9.56349772e+02
   7.33050128e+02 -1.78499859e+03  9.62318961e+02 -7.85356041e+02
  -6.90230469e+02  1.36273264e+03 -4.12846849e+03  2.02440513e+03
   3.89522458e+01  9.33640184e+01 -1.83449041e+03  2.17147902e+03
  -3.15772278e+02  3.72002390e+02  2.39394799e+01  1.66675819e+03
   3.00935910e+03 -7.01594914e+03  4.51309240e+03 -7.18951794e+02
  -4.87239612e+02  7.48039600e+02 -1.03724121e+03  2.59288844e+03
   5.10038191e+01  1.09335005e+03  6.12475437e+01  1.23714690e+03
  -1.11064624e+03  1.51753208e+03 -2.14861166e+03  1.76592147e+03
  -1.91571820e+03  3.35920211e+03  1.23187132e+02 -1.17466999e+03
   3.72791416e+03 -3.85400215e+03  7.59852840e+03 -3.66465275e+03
   1.66675751e+03 -3.07341813e+03  3.62149610e+03  1.32348687e+03
  -1.72622892e+03  2.85183401e+03 -1.56795520e+03  2.75070509e+03
  -1.44205424e+03 -1.01507982e+03  2.25955582e+03  2.98159254e+03
  -5.33174621e+03  8.41958496e+03 -9.60072865e+03  6.49914091e+03
  -4.71936088e+03 -1.19070767e+03  4.82307324e+03 -9.24126758e+03
   6.85125469e+03 -2.22014793e+03 -3.06488228e+03 -4.32466389e+03
   2.18228013e+03 -9.01707513e+02  4.05291604e+03 -6.91184638e+03
   4.14016412e+03 -4.88221958e+03 -4.43946442e+03  1.76557094e+03
  -4.17068754e+03  5.21057600e+03 -9.98444371e+03  4.21194006e+03
  -4.69007250e+03 -4.18004963e+03  1.56518682e+03 -1.37458074e+03
   2.16570769e+03 -1.62710309e+03 -6.49805649e+03  2.58519201e+03
   8.48386985e+02 -2.97726845e+03 -2.84037547e+03  5.19010599e+03
   7.32029562e+02 -5.94535698e+03  7.58756465e+03 -1.49326622e+03
   2.10874269e+03  5.75845394e+02 -3.65916882e+02  2.36881474e+03
   5.47836540e+01  1.28389949e+03  3.50970182e+03 -4.50515406e+02
   1.82798648e+03 -1.00451881e+03  4.24476673e+03  1.41087709e+03
   1.58890161e+03 -3.03779257e+03  7.02590811e+03 -3.10019399e+03
   1.39123743e+03  2.82376423e+03 -3.61373690e+03  6.03838254e+03
  -6.74675045e+03  4.29093539e+03 -1.02450559e+03  4.32203529e+02
  -3.51150110e+02  3.62619913e+03 -1.88746427e+03 -1.43623811e+03
  -8.40169184e+02 -3.18232171e+03  4.03527601e+03 -3.28531956e+03
   2.95480093e+03 -1.45688768e+03 -4.64057995e+02  1.06990974e+03
  -4.35968238e+03  5.90578686e+03 -3.79371389e+03  2.72866236e+03
  -1.71501658e+03  4.09405719e+02  2.62171806e+03 -2.13889495e+03
   7.23344684e+02  3.05013843e+03  1.08985798e+03 -9.45454494e+02
   2.87392003e+03 -7.80306453e+02  1.21907843e+03  8.62314150e+02
   1.55412572e+03  2.90916408e+03  2.06638506e+03 -1.58003477e+03
   2.78222148e+02 -2.00903953e+03  2.13182362e+03  1.48360553e+03
   1.58277073e+03 -2.72438537e+03 -4.29398200e+02  5.35024224e+02
  -9.93321448e+02 -1.56149243e+03  2.80236847e+03 -3.24743024e+03
   7.21487339e+02 -1.26444376e+03 -3.96279277e+03  1.12735669e+03
  -3.67153876e+03  9.87279105e+02 -2.24045310e+03  1.62042848e+03
  -2.53804834e+03 -3.18165471e+01 -2.31031443e+03  6.57395798e+02
  -2.24056427e+03 -6.77361806e+02 -1.44404109e+03 -1.44391270e+03
   1.59983091e+03 -3.12589981e+03  3.13455845e+03 -3.66195525e+03
   6.64018976e+02  3.23738781e+02 -1.43686288e+03  3.18984061e+03
  -1.36739909e+03  4.59705564e+02 -5.08039787e+02 -3.81223594e+02
   7.06965250e+01  5.85061817e+02  1.32928743e+02  4.10153098e+02
   1.66208773e+02  5.44044164e+02  1.50835165e+03 -2.44026033e+03
   3.68731450e+03 -4.13860139e+03  3.30692260e+03  3.17871386e+02
  -2.60764283e+03  4.73130183e+03 -3.09593842e+03  9.07473875e+02
  -3.36235711e+02  3.36792903e+01 -5.43160946e+02  1.59317016e+02
   9.64295818e+02 -6.43524662e+02  1.06212845e+03 -7.89917939e+02
  -7.22246849e+02 -3.01186561e+02  1.42304977e+02  1.45097438e+03
  -2.23675660e+03  1.91088368e+03  1.00332142e+03 -1.59992190e+03
   1.51079643e+03  7.28142361e+02 -1.53092074e+03  2.27863033e+03
  -7.16631648e+02 -6.05883560e+01  1.03436313e+03 -1.64677106e+03
   2.06748559e+03 -6.96110056e+02  7.01762002e+02  5.88603101e+02
  -1.25571786e+03  6.05580268e+02  1.93289683e+01 -1.13891227e+01
   5.43998256e+02  2.39161742e+02 -1.75876126e+02 -8.20129896e+02
   5.37907222e+02 -4.41733083e+02  2.19253420e+02  4.18588356e+01
  -5.08201192e+02  4.86900091e+02 -3.19597740e+02 -2.50381464e+02
   3.60223091e+02 -1.05773332e+03  6.77318998e+02 -7.51608330e+02
  -4.25482582e+02  7.55014493e+02 -1.06101020e+03  5.95401001e+02
  -8.27337661e+02  2.44673268e+02 -4.29614140e+01 -7.01505707e+01
   5.12478228e+01 -4.07626043e+02 -1.07517296e+01 -1.56218985e+02
   1.88945597e+02 -5.95079181e+02  6.05548278e+02 -3.64198337e+02
   2.13869503e+01  2.44562090e+02 -3.91923265e+02  1.42629937e+02
  -1.02070143e+02 -6.91066574e+01  6.72568472e+01  1.99583229e+02
  -5.30853429e+02  9.13777168e+02 -5.59498429e+02  3.81105252e+02
   1.90658128e+02 -3.37431194e+02  4.92838686e+02 -5.74448720e+02
   3.74859085e+02  6.23741552e+01  2.46441969e+02  4.33184000e+01]]
Hamming Window: [0.08]
Mel Filterbank: [[0.003375 0.00675  0.010125 0.0135   0.016875 0.02025  0.023625 0.023625
  0.02025  0.016875 0.0135   0.010125 0.00675  0.003375 0.       0.
  0.       0.       0.       0.       0.       0.       0.       0.
  0.       0.       0.       0.       0.       0.       0.       0.
  0.       0.       0.       0.       0.       0.       0.       0.
  0.       0.       0.       0.       0.       0.       0.       0.
  0.       0.       0.       0.       0.       0.       0.       0.
  0.       0.       0.       0.       0.       0.       0.       0.
  0.       0.       0.       0.       0.       0.       0.       0.
  0.       0.       0.       0.       0.       0.       0.       0.
  0.       0.       0.       0.       0.       0.       0.       0.
  0.       0.       0.       0.       0.       0.       0.       0.
  0.       0.       0.       0.       0.       0.       0.       0.
  0.       0.       0.       0.       0.       0.       0.       0.
  0.       0.       0.       0.       0.       0.       0.       0.
  0.       0.       0.       0.       0.       0.       0.       0.
  0.       0.       0.       0.       0.       0.       0.       0.
  0.       0.       0.       0.       0.       0.       0.       0.
  0.       0.       0.       0.       0.       0.       0.       0.
  0.       0.       0.       0.       0.       0.       0.       0.
  0.       0.       0.       0.       0.       0.       0.       0.
  0.       0.       0.       0.       0.       0.       0.       0.
  0.       0.       0.       0.       0.       0.       0.       0.
  0.       0.       0.       0.       0.       0.       0.       0.
  0.       0.       0.       0.       0.       0.       0.       0.      ]]
Features: [[97.14677908 -6.07422479  1.2716803   0.40731721  0.49785506  1.22844157
   0.29287075  2.39190951  1.65953614  0.37076494 -0.20447075  0.9858061
   0.50390124]]

Speaker Benjamin_Netanyau: Precision = 1.00, Recall = 0.95, Accuracy = 0.95
[-1369.7499420589188]
Correct/Total: 142/150
True Positive: 142, False Positive: 0, True Negative: 0, False Negative: 8
Overall Precision = 94.67, Accuracy = 94.67
Speaker Jens_Stoltenberg: Precision = 0.95, Recall = 0.96, Accuracy = 0.95
[-1886.7358271863175]
Correct/Total: 144/150
True Positive: 144, False Positive: 8, True Negative: 142, False Negative: 6
Overall Precision = 95.33, Accuracy = 95.33
Speaker Julia_Gillard: Precision = 0.99, Recall = 1.00, Accuracy = 0.97
[-2822.118644743209]
Correct/Total: 150/150
True Positive: 150, False Positive: 2, True Negative: 286, False Negative: 0
Overall Precision = 96.89, Accuracy = 96.89
Speaker Magaret_Tarcher: Precision = 1.00, Recall = 0.99, Accuracy = 0.97
[-2885.760273079124]
Correct/Total: 148/150
True Positive: 148, False Positive: 0, True Negative: 436, False Negative: 2
Overall Precision = 97.33, Accuracy = 97.33
Speaker Nelson_Mandela: Precision = 1.00, Recall = 1.00, Accuracy = 0.98
[-2578.1493357340864]
Correct/Total: 150/150
True Positive: 150, False Positive: 0, True Negative: 584, False Negative: 0
Overall Precision = 97.87, Accuracy = 97.87

Total Precision: 97.87
Total Accuracy: 97.87

Confusion Matrix:
[[142   8   0   0   0]
 [  4 144   2   0   0]
 [  0   0 150   0   0]
 [  2   0   0 148   0]
 [  0   0   0   0 150]]
