Rate: 16000
Signal: [-6589.   -7068.67 -1474.8  ...     0.       0.       0.  ]
Frames: [[-5.27120000e+02 -5.65896754e+02 -1.18320433e+02 -1.74144459e+02
  -2.41178407e+02 -1.28206325e+02 -1.48258459e+02 -5.69864847e+01
  -9.26858145e+01  1.88736620e+02 -5.73371921e+01 -2.00189428e+01
   3.71587225e+02 -4.73537165e+01  2.02404222e+02  1.90183467e+02
   1.01754970e+02  1.88400717e+02  4.37190267e+02  6.44842565e+01
   7.50063089e+01  3.45910522e+02 -7.57760281e+01  3.51408010e+02
  -2.07913729e+02  1.37896058e+02  2.11869663e+02 -3.02601526e+02
   2.40541750e+02 -1.61557598e+02  8.04338464e+00 -3.24647577e+02
   2.18313975e+02 -3.87500112e+02  9.89889700e+01 -1.04477339e+02
  -2.33518236e+02  2.73701940e+02 -3.44935778e+02  9.10159203e+01
  -2.56850087e+02  4.66980389e+01  1.26859658e+02 -1.91654628e+02
  -1.72049937e+02  4.78877608e+02 -7.65843369e+02  8.29526651e+02
  -5.34387795e+02  1.52726396e+01  3.61656593e+02 -2.53654278e+02
   7.02237408e+02 -5.17703407e+02  8.59252422e+02 -2.41619917e+02
   4.24032887e+01 -3.03833629e+01  1.01193674e+02 -3.20711959e+02
  -4.41134507e+02  9.00269396e+01 -5.51634434e+02 -2.89721853e+02
  -8.16793073e+01 -5.20578292e+02  3.45511652e+02 -3.66221607e+02
  -3.91016057e+02  7.62157621e+02 -5.82296539e+02  5.84862158e+02
   8.76807334e+01  7.77926604e+02  6.05453003e+02  7.30435109e+02
   1.01470177e+03  7.17766642e+02  5.83334936e+02  3.42119364e+02
   1.98034013e+03 -8.93882669e+01  1.05949520e+03  3.83863118e+02
   1.43554991e+03  2.22217848e+02  3.24704494e+00  1.61227889e+03
  -2.06724551e+03  1.67657478e+03 -1.26085158e+03 -7.77908456e+02
  -6.62949344e+02 -1.27428667e+03 -1.18814816e+03 -2.04301486e+03
   1.87924226e+02 -3.12027587e+03 -7.64494696e+02 -1.65716931e+03
  -1.29686783e+03 -1.61492742e+03 -8.91457300e+02 -9.90773759e+02
  -4.80799383e+02  9.77201774e+01 -6.35990075e+02  1.21804050e+03
   3.01505419e+02  4.71640921e+01  1.30953632e+03 -3.08278947e+02
   2.07370146e+03  1.38090011e+03  1.96690519e+02  2.06160669e+03
  -5.24711432e+02  1.55743432e+03 -4.13889971e+02  1.45331869e+02
   1.00927575e+03 -4.57310922e+02 -7.20906017e+02 -6.38933517e+01
  -4.83853110e+02  1.66496958e+02 -1.76570153e+03  1.33004801e+03
  -3.30155174e+03 -1.19747565e+02 -1.86257802e+03 -3.59921971e+03
   2.16540586e+03 -4.35127000e+03  5.52002999e+02 -2.85433757e+03
   7.67273130e+02 -1.06270154e+03 -1.01228179e+03  9.76443192e+02
  -1.05810651e+03  2.30467028e+03 -8.28043369e+02  2.94256641e+03
   2.38937960e+03  1.45581343e+03  1.79027508e+03  2.62842682e+03
   4.35419572e+03 -4.22603797e+02  2.77165956e+03  2.68627520e+03
   5.21190674e+02  2.18796850e+03  1.72774854e+03  2.07643685e+03
  -7.91631142e+02  3.64586170e+03 -1.31122633e+03 -8.42540781e+01
   3.48878047e+02 -1.13103464e+03 -9.10249352e+02 -6.23717631e+01
   4.79252861e+02 -3.60346460e+03  3.09100343e+03 -4.40323975e+03
   1.80386950e+03 -2.47158484e+03 -1.55529615e+01  9.63885147e+02
  -2.74038506e+03  1.86570459e+03 -3.44943647e+03  2.63999078e+03
  -9.03985336e+02 -1.47252762e+03  1.02923240e+03  1.88621961e+03
  -1.89260005e+03  2.60527495e+03  1.42419404e+03 -7.04570378e+02
   3.03927731e+03 -2.35956726e+03  5.97586906e+02 -4.16378168e+02
  -1.08296190e+03 -2.90647026e+03 -3.34621894e+02 -1.30210020e+03
  -2.82732074e+03 -8.80884041e+02 -5.17253594e+03 -3.92726083e+02
  -4.81832204e+03 -3.84812795e+02 -2.18174000e+03 -2.21999835e+03
   4.82403121e+02 -2.83813576e+03  2.94001174e+03 -1.85858087e+03
   3.36610941e+02  1.41660323e+03 -1.86369209e+03  9.72124817e+02
   2.05978970e+03  3.28289596e+03 -4.74891814e+02  1.79515398e+03
   7.58432471e+02  1.43453912e+03  3.68101899e+02  1.65788267e+03
   3.59236178e+02  8.21362039e+02  2.95522789e+03 -2.86209010e+03
   4.07426287e+03 -3.44798648e+03  1.75587340e+03 -1.32520700e+02
  -2.50244436e+03 -6.56726769e+02 -1.20995416e+03 -2.14775576e+01
  -8.49418477e+02 -1.72229786e+03  7.76944146e+01  2.83178466e+02
  -2.04777534e+03  1.25101642e+03 -1.95892271e+03  1.55905511e+03
  -1.83201658e+03  1.90665957e+03  6.02908187e+02  1.49778956e+01
   1.74012004e+03 -1.89677563e+03  4.54533339e+03 -3.07264446e+03
   1.78432090e+03  3.56434497e+03 -4.86622846e+03  5.18424850e+03
  -2.45139097e+03  1.12917793e+03  1.29457811e+03 -1.20625948e+02
   1.77646004e+03 -2.58751363e+03  4.16419188e+03  1.07004162e+03
   2.13026924e+03 -1.29693699e+03  2.94635974e+03 -1.23684072e+02
  -2.12092466e+02  3.67923202e+03 -1.28155591e+03  1.13147573e+03
   8.27678400e+02 -1.61571415e+03  1.68285810e+03 -2.20861592e+02
  -2.90728229e+03  2.53796492e+03 -4.25708734e+03  2.36507415e+03
  -3.69132717e+02 -2.18471129e+03  2.09153500e+03 -1.79630076e+03
  -8.18824273e+02  7.07918166e+02 -6.96740217e+01 -1.01076049e+03
   1.83031322e+02 -1.64204489e+03  7.93601076e+02 -4.37511158e+02
  -1.00798637e+03  4.32475044e+02 -3.45042382e+02 -1.01805852e+03
  -2.85044836e+02 -7.45914783e+02 -5.89378223e+02  9.97513155e+02
  -6.26484301e+02 -4.26587773e+02 -1.04413261e+02 -5.30997994e+02
   1.31108534e+03 -1.98160095e+03  1.09551673e+03  2.66332585e+02
   1.05683955e+01 -5.31395952e+02 -7.70840043e+02  8.88787274e+02
  -7.76699380e+02  6.15007097e+02 -1.10106129e+03 -6.07729782e+02
   9.24119732e+01 -2.58908860e+02 -7.80275910e+02  1.09806679e+03
  -3.98903136e+02 -5.49615298e+01  8.66202039e+02 -4.32201596e+01
   1.82057840e+02 -2.17690573e+02  6.91391378e+02 -4.65942188e+02
  -6.22368706e+02  1.11420192e+02 -5.37426500e+02 -2.90811174e+02
  -4.83680705e+02 -7.42021889e+02 -2.99502746e+02 -6.84563070e+02
   2.27621809e+02 -3.05611394e+02 -7.32182000e+02  4.68203982e+02
   4.41971078e+01  1.23156344e+02  3.55644918e+02  3.79099772e+02
   1.35676706e+02 -1.92802952e+01  7.88638866e+02  1.99974196e+02
  -1.43399094e+02  3.42749007e+02  7.64698606e+01  6.39767789e+02
  -5.14619106e+02  6.29472241e+02  3.08667190e+01  1.45841283e+01
   8.86917721e+02 -2.21160969e+02  6.97442130e+02  4.51130253e+02
   6.07506418e+02  4.31508414e+02  6.78255601e+02 -2.44621874e+02
   7.90731196e+02  2.22353968e+02  5.64598051e+01  4.48212943e+02
  -1.28086394e+02  1.96525384e+02 -1.28463717e+02  2.34167100e+02
  -7.40988238e+02  1.36924275e+02 -2.81572889e+02 -1.27445615e+02
  -4.51723937e+02 -8.30467404e+01 -2.59290334e+02 -5.40398086e+02
   1.81978214e+02 -6.06134652e+02  2.21073945e+02 -5.36038039e+02
  -1.29099753e+02 -1.24854801e+02 -9.03385740e+01 -2.24419590e+02
  -1.36067365e+02  5.40908592e+01 -2.17662216e+02  1.51945267e+02
  -3.43916293e+02  2.82075094e+02 -2.03266054e+02  1.11984575e+02
   6.40361155e+01 -1.52636677e+02  2.52991057e+02 -2.27454475e+02
   1.90436246e+02  4.63182042e+00  5.20355497e+01  1.04772475e+02
   1.41397317e+01 -6.24632084e+01  1.13786663e+02  2.27024000e+01]]
Hamming Window: [0.08]
Mel Filterbank: [[0.003375 0.00675  0.010125 0.0135   0.016875 0.02025  0.023625 0.023625
  0.02025  0.016875 0.0135   0.010125 0.00675  0.003375 0.       0.
  0.       0.       0.       0.       0.       0.       0.       0.
  0.       0.       0.       0.       0.       0.       0.       0.
  0.       0.       0.       0.       0.       0.       0.       0.
  0.       0.       0.       0.       0.       0.       0.       0.
  0.       0.       0.       0.       0.       0.       0.       0.
  0.       0.       0.       0.       0.       0.       0.       0.
  0.       0.       0.       0.       0.       0.       0.       0.
  0.       0.       0.       0.       0.       0.       0.       0.
  0.       0.       0.       0.       0.       0.       0.       0.
  0.       0.       0.       0.       0.       0.       0.       0.
  0.       0.       0.       0.       0.       0.       0.       0.
  0.       0.       0.       0.       0.       0.       0.       0.
  0.       0.       0.       0.       0.       0.       0.       0.
  0.       0.       0.       0.       0.       0.       0.       0.
  0.       0.       0.       0.       0.       0.       0.       0.
  0.       0.       0.       0.       0.       0.       0.       0.
  0.       0.       0.       0.       0.       0.       0.       0.
  0.       0.       0.       0.       0.       0.       0.       0.
  0.       0.       0.       0.       0.       0.       0.       0.
  0.       0.       0.       0.       0.       0.       0.       0.
  0.       0.       0.       0.       0.       0.       0.       0.
  0.       0.       0.       0.       0.       0.       0.       0.
  0.       0.       0.       0.       0.       0.       0.       0.      ]]
Features: [[ 9.19146983e+01 -4.51848699e+00  3.50658448e+00  3.19285823e+00
   1.40280170e+00  2.43009104e+00  6.76641118e-01  1.80660417e+00
  -7.69287768e-02  9.11190526e-01 -5.06668790e-01  7.33040487e-01
  -3.44614865e-01]]

Speaker Benjamin_Netanyau: Precision = 1.00, Recall = 0.97, Accuracy = 0.97
[-2054.148185312043]
Correct/Total: 145/150
True Positive: 145, False Positive: 0, True Negative: 0, False Negative: 5
Overall Precision = 96.67, Accuracy = 96.67
Speaker Jens_Stoltenberg: Precision = 0.97, Recall = 0.95, Accuracy = 0.96
[-2371.371599957089]
Correct/Total: 143/150
True Positive: 143, False Positive: 4, True Negative: 145, False Negative: 7
Overall Precision = 96.00, Accuracy = 96.00
Speaker Julia_Gillard: Precision = 0.99, Recall = 0.99, Accuracy = 0.97
[-2143.7638621175947]
Correct/Total: 149/150
True Positive: 149, False Positive: 1, True Negative: 288, False Negative: 1
Overall Precision = 97.11, Accuracy = 97.11
Speaker Magaret_Tarcher: Precision = 0.99, Recall = 0.99, Accuracy = 0.98
[-2986.9845292074733]
Correct/Total: 149/150
True Positive: 149, False Positive: 1, True Negative: 437, False Negative: 1
Overall Precision = 97.67, Accuracy = 97.67
Speaker Nelson_Mandela: Precision = 1.00, Recall = 1.00, Accuracy = 0.98
[-2513.946420433383]
Correct/Total: 150/150
True Positive: 150, False Positive: 0, True Negative: 586, False Negative: 0
Overall Precision = 98.13, Accuracy = 98.13

Total Precision: 98.13
Total Accuracy: 98.13

Confusion Matrix:
[[145   4   0   1   0]
 [  6 143   1   0   0]
 [  1   0 149   0   0]
 [  1   0   0 149   0]
 [  0   0   0   0 150]]
