Rate: 16000
Signal: [ 2871.    6657.13 -4465.74 ...     0.       0.       0.  ]
Frames: [[  229.68         532.95008186  -358.2779305     61.65621869
   -158.0588615    273.27498232  -363.16507969   131.75087166
    538.46152151  -545.78957464   493.43439233  -557.41994997
    112.71124939   218.51508542  -699.09271583   905.7293025
   -772.09194825   527.60721265  -268.31898809  -141.11831745
    209.37871498  -423.45885238   465.0564422   -638.23923197
   1086.49046152 -1575.59490482  1084.18564192  -802.45921166
    121.24796123   220.25241762  -607.90855426   511.01482695
   -877.45493085  1181.4983375  -1281.82667383   996.68273939
   -991.09551057   604.70690196   -58.0930327   -482.71511806
     21.26702699   -79.6163852   -579.82265833   637.43616871
   -149.26351676   623.63823486    83.85401811 -1763.82673728
   2212.10321769 -2331.08255793  2088.75085872  -652.63602846
    -91.11749727   295.01233635   347.70496162  -737.37418928
    110.00890581  1302.43349125 -1275.80091661  1126.48031241
   -532.20867626  1598.16544059 -2510.88854636  2451.48461443
  -1019.14041464   388.45841529  1449.49367732 -1815.07820581
   1154.29189664  -726.59680431  1079.54558395  -373.41048162
    809.57657545  -759.57806684   623.7171648  -1347.05633291
   1886.65920421   -75.1770719  -2023.97542476  3448.01876024
  -1631.93945843  -783.72012825  1295.89052469  -392.91140081
   -661.83218313  -584.50643679  2093.55869805 -2641.90343278
    805.0222056    559.01088494  -142.70796358  1182.60242471
  -2569.97233206  3156.04594694 -3516.11411773  2155.03588806
    122.06381837 -1734.33028794   351.34610267  1048.48960479
    218.20351924 -2761.97837194  2365.98972323 -1833.29352365
     77.25848727   564.45005511  1639.07643839 -1345.34797787
     74.01377928   984.681637   -2397.93623967  1163.91652056
    312.83078969 -1214.72859044  1365.69511415  2104.79886995
  -4590.65721431  2780.57590597  -909.17828061 -1145.97263552
    522.41030565 -3352.98454953  2279.73433608  -235.43364744
   -536.34190972   180.92406119 -3603.92454279   877.03212791
   2219.9408583  -3802.49327666  4636.29006491 -4489.70934044
   2651.24790656  -256.6333      -810.90383242  1609.33424127
  -4565.5830546   3619.63120979 -3318.88029655  4113.21945811
    805.76630485 -5384.09074346  6501.70803751 -4639.53748725
    633.77300366  3844.27427312 -2651.2818834   1613.37127266
   1008.62931354  -904.84435772 -1665.27122452  4632.29307589
  -1924.04140473  3755.43159748 -8537.36241275  7319.04581593
  -2889.67010745   277.54488161  7008.60485493 -8987.95363571
   7634.18493462 -2289.07737184  1789.8573767  -1564.99875645
   2943.86096556 -5396.89570159  2471.11531059 -1574.89256621
   3069.18984982   554.0703804  -5527.90301996  6685.75836065
  -5049.32303589  3527.03826865 -3340.62910212  6320.33335646
  -3822.09542135   -30.94965835   572.99582153   277.54459346
   1805.95543912 -1106.4110273   2242.38213885 -3344.81401915
   2621.90672505 -1442.11366538  3175.68987584 -3012.11362287
   1647.14577699   461.33738815 -2558.17866119  3366.70998896
  -1178.56116684 -3238.36440798  3465.31467401 -4041.97823802
    343.52987582  5195.81743093 -8163.06235787  2540.56377438
   -782.02884914   480.2283678   -763.52776412 -5142.06574393
   7346.21916077 -6153.67131767  2450.42604843 -1575.74430427
  -1180.53247275   504.61399497 -3246.90098446  3474.82324889
  -3297.83283514  1199.31052595 -3712.94322382  2667.28938909
  -3428.99384549   108.11041368  1941.2008343   -386.63749869
    897.05575618 -3263.96090137  1525.16924332 -1399.95456942
   3204.81419202 -2813.28811345 -1444.21660451  5879.27790891
  -5121.52688141  -644.83434532  4788.70984111 -3083.59435819
   -118.62064497  3460.65451683 -1810.06150367   607.46839275
   1699.65138244  1525.31659105  2555.65137915 -4323.43946322
   3058.97878688 -1538.52656246 -1837.81155266  4000.26956483
  -1787.57524874  2643.49694967 -1932.10980862  1557.73861644
  -2291.33580657  3521.29696457   816.58746455 -4034.97994782
   5053.97196518 -1007.88702116  -540.04802173  1932.78173426
   -398.2629666   -110.4112756   1181.55007724 -2159.70230004
   1545.42946266  -529.77924365  -497.00330316   365.5904549
   1083.71311537 -2354.48157505   651.3584      1985.81453499
  -1998.97998782  1474.33942964  -960.52659538  1253.7163669
   -812.57469508  2162.27210076   452.8918331  -2764.73262974
   4122.40722801 -4015.66083888  1166.3591565   -254.45197057
   -142.08074788  1621.43720703 -5128.11505414  4832.15812219
  -4250.94559835  2465.44049444   558.80945699 -1977.60143243
   1825.0670135  -1172.09040956   981.73881124 -3040.09319944
   1919.63562063  -928.68396858  1279.00898386 -1566.67038973
   -119.10812031  1837.80979823 -1531.70729018  2752.98472317
  -5193.556499    2105.89349053   299.90230523 -3074.81225285
   3700.96152297 -3732.7957785   3460.18503158 -4319.67595474
   1608.82469769  2918.00354384 -2884.57608646  2785.41490037
  -2937.54960741   451.33483546  -461.68298669   772.27848229
    134.03977002   216.23236251 -1642.2154567    538.21892
    852.20471252 -2533.85136984  3932.14979231 -2712.04192074
    -66.84278523  2652.27604239 -3637.96175198  1959.41973156
    461.04020297 -1409.98271201  2287.96854867 -2598.70381652
   1498.64645406 -1002.56438877   -49.90574003  1236.60733687
  -2220.70673989  3414.46743177 -2667.02079134  2485.1841345
  -1671.92195793  1121.6894266    326.05146352 -1638.75540439
   2683.19887926 -2352.58706915   967.8212953    -98.83744382
    770.03160294  -216.43355833   126.09022275  -430.17217821
    -69.7614738    278.71314554   520.55115051  -179.6789029
   -121.88284086   134.39966097   -47.65246901   226.63906167
   -143.42414657   525.0491285    107.701369    -381.09765229
   -211.81333755  1129.51518333  -988.27459638   320.67651489
   -174.59358987   -20.21993986   242.48514962  -360.73946774
   -195.33537846   188.01072177   260.18632783 -1025.42754886
    620.18980548   -14.33391673   -93.04981195  -101.96412245
   -436.0591664    417.59284222  -130.92831544  -349.88869481
    268.58991749  -109.26835179   -55.70582714   -60.2363656
    244.33692636  -412.44799718   435.84036725  -415.26185863
    258.4415031   -142.29986167  -379.82954852   459.6059049
   -695.24775678   649.32469533  -535.92500124   447.7368    ]]
Hamming Window: [0.08]
Mel Filterbank: [[0.003375 0.00675  0.010125 0.0135   0.016875 0.02025  0.023625 0.023625
  0.02025  0.016875 0.0135   0.010125 0.00675  0.003375 0.       0.
  0.       0.       0.       0.       0.       0.       0.       0.
  0.       0.       0.       0.       0.       0.       0.       0.
  0.       0.       0.       0.       0.       0.       0.       0.
  0.       0.       0.       0.       0.       0.       0.       0.
  0.       0.       0.       0.       0.       0.       0.       0.
  0.       0.       0.       0.       0.       0.       0.       0.
  0.       0.       0.       0.       0.       0.       0.       0.
  0.       0.       0.       0.       0.       0.       0.       0.
  0.       0.       0.       0.       0.       0.       0.       0.
  0.       0.       0.       0.       0.       0.       0.       0.
  0.       0.       0.       0.       0.       0.       0.       0.
  0.       0.       0.       0.       0.       0.       0.       0.
  0.       0.       0.       0.       0.       0.       0.       0.
  0.       0.       0.       0.       0.       0.       0.       0.
  0.       0.       0.       0.       0.       0.       0.       0.
  0.       0.       0.       0.       0.       0.       0.       0.
  0.       0.       0.       0.       0.       0.       0.       0.
  0.       0.       0.       0.       0.       0.       0.       0.
  0.       0.       0.       0.       0.       0.       0.       0.
  0.       0.       0.       0.       0.       0.       0.       0.
  0.       0.       0.       0.       0.       0.       0.       0.
  0.       0.       0.       0.       0.       0.       0.       0.
  0.       0.       0.       0.       0.       0.       0.       0.      ]]
Features: [[ 9.58444088e+01 -8.27887866e+00 -5.19521927e-02  5.96125981e-01
  -4.96451020e-01  1.24569880e+00  3.83813247e-01  1.60765451e+00
  -6.47344155e-01  4.94908016e-01 -2.39954015e-01  9.64454582e-01
   4.16067079e-02]]

Speaker Benjamin_Netanyau: Precision = 1.00, Recall = 0.99, Accuracy = 0.99
[-1297.6051983476723]
Correct/Total: 148/150
True Positive: 148, False Positive: 0, True Negative: 0, False Negative: 2
Overall Precision = 98.67, Accuracy = 98.67
Speaker Jens_Stoltenberg: Precision = 0.99, Recall = 0.99, Accuracy = 0.99
[-3016.3394342746874]
Correct/Total: 148/150
True Positive: 148, False Positive: 2, True Negative: 148, False Negative: 2
Overall Precision = 98.67, Accuracy = 98.67
Speaker Julia_Gillard: Precision = 1.00, Recall = 0.99, Accuracy = 0.99
[-2900.652391667614]
Correct/Total: 148/150
True Positive: 148, False Positive: 0, True Negative: 296, False Negative: 2
Overall Precision = 98.67, Accuracy = 98.67
Speaker Magaret_Tarcher: Precision = 1.00, Recall = 0.99, Accuracy = 0.99
[-2559.4726797817825]
Correct/Total: 149/150
True Positive: 149, False Positive: 0, True Negative: 444, False Negative: 1
Overall Precision = 98.83, Accuracy = 98.83
Speaker Nelson_Mandela: Precision = 1.00, Recall = 0.99, Accuracy = 0.99
[-2447.916465027344]
Correct/Total: 149/150
True Positive: 149, False Positive: 0, True Negative: 593, False Negative: 1
Overall Precision = 98.93, Accuracy = 98.93

Total Precision: 98.93
Total Accuracy: 98.93

Confusion Matrix:
[[148   2   0   0   0]
 [  2 148   0   0   0]
 [  1   1 148   0   0]
 [  0   1   0 149   0]
 [  0   0   1   0 149]]
